"HL"	"HC1"	"HC2"	"dc"	"LC1"	"LC2"	"id"
"1"	-53.5449238777924	74.4530539806536	114.013764945754	16.2815679295385	123.329474195209	86.5866229309514	"1"
"2"	-53.1711703655047	70.7498639450929	116.574985575625	16.6331088502127	123.006964714211	84.4586188708853	"2"
"3"	-49.9581341963243	74.5812751823293	114.152683238709	16.8021923509527	122.434266995601	90.0339879401633	"3"
"4"	-55.2865155705233	72.5192452536694	115.857137685499	16.5687680456152	123.81838910257	84.5864693839207	"4"
"5"	-59.5938809059599	70.9996757313866	113.303387951428	16.682942952663	122.844289208493	84.8325204135555	"5"
"6"	-51.3403020724877	73.9950545977309	116.820945951332	16.6162951082225	122.246268949496	87.2833177232402	"6"
"7"	-51.377410012479	74.3383024660821	115.854292110616	16.1460972752156	121.011395072133	85.4484605385742	"7"
"8"	-45.9630173509563	73.9860197291151	114.332384826786	16.6621328784323	121.395145322384	89.3939962849259	"8"
"9"	-52.8312227655855	73.9340030291457	114.929325358731	16.3090080557881	121.752142431112	85.3292916451623	"9"
"10"	-56.4465058529182	73.5653912514563	116.805335639392	16.2484077494974	123.925014734166	83.8881055438449	"10"
"11"	-53.088874133634	74.4123381522054	115.039878346251	16.5427151185415	121.694896671265	86.6057544245822	"11"
"12"	-55.6127981873219	73.4666766147418	114.712317167011	16.6185117969744	124.370434895473	85.9390417984986	"12"
"13"	-62.6876888727457	75.4609471828915	113.15681709103	16.1847346916642	120.116152055962	83.8284726427034	"13"
"14"	-60.0804682680793	73.7291578194415	114.424124014962	16.2707572079132	126.359543146998	83.1024357938222	"14"
"15"	-58.8250917114985	72.3384940888152	112.934360899168	16.4072837191543	121.990560015568	81.9792041943055	"15"
"16"	-62.5323056619471	73.7680899461013	114.024888371827	16.5755018249953	122.235053168734	83.6910202735917	"16"
"17"	-54.4653150772656	69.1623483908927	116.412570855737	16.7608971820623	123.50011978127	87.1788775005672	"17"
"18"	-59.0453537374104	69.6357722286508	115.75672661095	16.798225121138	120.483617983802	83.9448548296408	"18"
"19"	-61.6609728048482	73.3717311448182	113.066838436758	16.1571886226869	122.405833488897	83.5402500280307	"19"
"20"	-62.6540687690439	74.7797157288106	113.64004046733	16.0965814716996	121.224255361851	86.5788360358733	"20"
"21"	-60.7348094469229	73.7984781733597	117.637875134551	16.3339573599501	119.686518350089	84.2608972827212	"21"
"22"	-59.5552113637819	74.6600082460776	115.339844423788	16.3783289620563	120.124272270496	82.7654366435401	"22"
"23"	-65.3685955152441	73.9470463265166	114.178132568626	16.0961718252422	119.361195528171	81.5792426063362	"23"
"24"	-58.1714897671413	74.0803688948409	116.244703180813	16.2471738333433	123.23395892364	83.5484591774202	"24"
"25"	-59.639244209582	73.7292215140639	115.919855434562	16.1873077188182	120.453134711747	83.1608039941935	"25"
"26"	-56.7569699071113	71.9848418572794	117.210215533282	17.1338907324766	122.737033485817	86.7470661837554	"26"
"27"	-53.7590992065195	71.6826696300485	114.908105052754	17.0595035575256	124.508716491675	85.7941588962592	"27"
"28"	-56.9835396039946	73.3975641219247	116.486380213836	16.7509741814359	121.509554871311	86.2830628671185	"28"
"29"	-57.1554921863355	71.9980923230225	116.440010533054	17.1393864680872	122.371656494182	86.1223870275012	"29"
"30"	-59.3255045630602	74.3753301371	116.288855160449	16.3920194067158	121.496037043025	83.9000145189222	"30"
"31"	-59.4167557376506	72.917738865017	116.095611259316	16.5620885457131	121.274979386147	85.4394728749989	"31"
"32"	-57.3614711416477	74.8380447684969	115.502396481403	16.2074914048017	120.529280573993	84.4210388448286	"32"
"33"	-60.025676509737	74.9074362823662	118.614195750542	16.3010410994854	119.676962812831	83.9613701623331	"33"
"34"	-59.7325128677265	73.2713795701016	117.900491517816	16.3818242928528	122.075391799132	83.0527143981584	"34"
"35"	-59.7941309971733	72.4827254361929	115.665014741283	16.6754234952189	120.815080642772	83.8028268232222	"35"
"36"	-60.5836426295249	69.9953594839755	114.770450130091	16.5505546162088	121.45430728487	81.9462556969157	"36"
"37"	-56.7964004547856	73.2962058537912	119.52402237933	16.8220060359816	118.743419579765	85.8607225970582	"37"
"38"	-60.0019667370396	74.7802271876284	115.349045040513	16.2713641926694	119.345859263723	81.5621946524847	"38"
"39"	-54.9451507925057	73.5502622306321	117.589721598859	16.8273841628682	121.149200708051	87.2275094954151	"39"
"40"	-60.168519956284	73.3968215944636	116.404145075271	16.1189396779726	121.604408909358	83.7904601855396	"40"
"41"	-62.1197691323394	75.1286607063751	116.257223522026	16.6530329006249	120.839088904829	85.1163377884788	"41"
"42"	-61.0884318548463	71.7050560028024	114.621127990308	16.7019060419419	123.022303302363	85.5797623489828	"42"
"43"	-62.2924353630013	74.8098346026453	112.674475558823	16.7620210419636	120.953270235174	84.8569886783124	"43"
"44"	-61.4711871645117	72.0857066087465	115.467399985364	16.5782539462682	122.811307254023	84.9566488581363	"44"
"45"	-56.6858109261642	75.474662258639	118.6138191235	16.5777564444184	124.662765302361	84.634141097597	"45"
"46"	-58.6881603556961	73.2887900892084	115.656187675452	16.8485792739093	123.084712961236	85.9479656109982	"46"
"47"	-58.1323724155223	73.8312488461528	115.758880522169	16.4963529249102	121.855757530565	83.5636767944793	"47"
"48"	-59.3769222333986	74.481619596435	115.433064553239	16.2768773061208	124.745921154841	86.6458844091897	"48"
"49"	-60.851667015827	73.7116248958708	115.587858064573	16.7086871748613	120.39120928315	82.4744570085349	"49"
"50"	-59.2563746885466	70.8520601928446	114.761375242291	16.8281694495692	125.368092554103	83.2794449219551	"50"
"51"	-60.9726578125282	72.0846529435381	114.808228041173	16.6894285394271	124.830522645074	85.1221765201694	"51"
"52"	-55.707144603096	72.830932341135	115.875005215437	16.7686611867533	123.22494024153	84.6376876380119	"52"
"53"	-56.956659138479	74.4154106540531	113.076205156978	16.6583576589997	119.304577938856	84.4265189572105	"53"
"54"	-58.0205218873924	73.626932638723	116.880440679666	16.7701155675267	123.154706643264	86.1010963266183	"54"
"55"	-58.6162268530169	75.0562333346952	116.637147522031	16.5226490510549	122.560186301906	84.9183881374974	"55"
"56"	-52.0253239367282	74.1515489835485	115.871683777309	16.663259028451	119.692238449074	86.3651669222668	"56"
"57"	-57.409561455005	72.8502538169783	116.015893102832	16.3447159882842	121.175507852917	85.9531033836842	"57"
"58"	-55.0970048536599	74.7844149511681	116.408199666454	16.6717306406061	120.784390590178	85.4501056816655	"58"
"59"	-54.8204273532177	70.7549799431933	119.012480996748	17.25264016565	121.225175611713	87.1294400413018	"59"
"60"	-55.7781742144087	74.6909613338916	117.55181466857	16.6792085925874	123.262484527877	87.5480272845525	"60"
"61"	-55.1705679433674	74.856121829139	115.93357678963	16.7518712291908	121.274016997285	87.7682538741064	"61"
"62"	-56.876898837857	73.7139779302858	118.195601789671	16.7934270452372	122.522395286958	86.1049770408896	"62"
"63"	-56.7461810758085	74.6656768356134	117.187915471834	16.625815629404	121.387224123027	86.7616019183266	"63"
"64"	-58.6732790447301	74.3077028301807	117.661606199015	16.6681064760835	120.852257353573	84.6255949210556	"64"
"65"	-59.7074723060049	74.5266376152096	116.654560117242	16.4229372517434	122.313321281249	84.730684035683	"65"
"66"	-58.5461802837272	74.3386219833587	117.306931906108	16.5867419435109	120.954269726211	85.995217409589	"66"
"67"	-53.3881737064069	73.121495310145	121.557044112025	16.7610649955873	122.505542360836	87.6524395451665	"67"
"68"	-53.0532035577498	72.8509167773573	122.253554870297	17.1836648115435	123.551113426369	87.8143328592629	"68"
"69"	-58.8673872910483	72.5441356726706	119.680613588066	16.5044188507688	124.170154178684	86.0057404494298	"69"
"70"	-50.5284901900132	74.4643515977809	118.628481623591	16.913086603678	120.908714834763	87.6476915268157	"70"
"71"	-54.4895172564236	72.5353670722271	117.350456856675	17.3269102191714	124.786385881195	87.5606820522383	"71"
"72"	-55.4721454164349	73.6148113176987	120.911689791456	16.6760569434899	123.586440703711	85.4670483107384	"72"
"73"	-54.3880303489612	73.3901736200223	117.432730651266	16.7085104550821	122.545540176543	83.8436763603464	"73"
"74"	-54.8701194596483	72.4366153344768	118.221592483604	17.2994739303211	124.876859101672	87.167021400837	"74"
"75"	-56.5691795278875	74.1032377820497	120.398435553839	16.6370739329388	121.674846133365	87.2158186887241	"75"
"76"	-59.3626804226425	73.2100304752048	114.694542768134	16.5463342544452	121.744572809035	86.0331374213669	"76"
"77"	-56.0796830493699	75.5453826114402	120.579205508425	16.9867242385135	121.493097501416	84.5549299925914	"77"
"78"	-56.606793810684	72.6846950450505	118.544078709887	16.7472183116262	121.380783629612	85.4566612845251	"78"
"79"	-57.8401106797969	73.0119168666231	118.515611804367	16.6447964898843	122.864668866669	82.3617569291985	"79"
"80"	-55.5905526415159	75.8004585574935	119.842548653204	16.6235405818336	121.385629857714	87.5264061510415	"80"
"81"	-59.3734946321413	72.543002032264	118.733882488473	16.7310472175944	120.444361120404	84.1959564386581	"81"
"82"	-60.3144433553872	74.381350868924	117.65194914425	16.1980794292091	120.36283147896	84.8645282316664	"82"
"83"	-59.9854089037762	72.9108478096132	117.885847195013	16.6355105590556	122.275504646219	84.1905774212912	"83"
"84"	-54.9175730269452	72.5215381369083	117.673899626663	17.3223036810856	122.922624998608	85.4383647087557	"84"
"85"	-57.8363577022954	72.9657034713182	115.774467179847	16.3768206746944	123.118368995511	85.8738607614078	"85"
"86"	-58.9593689061657	72.6684721492505	118.289225371678	16.5240537494193	121.253716533405	84.7790001361044	"86"
"87"	-57.2631379682935	72.4632540370244	116.422700030691	16.567912266042	124.490661371086	86.0885151641845	"87"
"88"	-58.304340851206	72.7677576024964	114.523150279567	16.5199629950832	121.102384615061	85.7519396775013	"88"
"89"	-58.6126275998104	73.8740800439463	115.648608099157	16.5543732153177	121.875222794151	85.1447524270339	"89"
"90"	-63.8013557410376	73.0158630274451	115.890823367332	16.4538344201104	123.555186329606	83.4823606915795	"90"
"91"	-58.6793640971417	73.0575088885777	113.870639724632	16.3773011078225	121.020574465622	83.3439788901812	"91"
"92"	-55.6647918674025	74.692543755957	115.182967124186	16.5751220814726	120.076018900502	84.6836384118067	"92"
"93"	-59.3168043301121	72.1818405356286	117.225232845801	16.8616666836993	121.302985594483	83.0768427454737	"93"
"94"	-58.9229124685665	71.420633968637	116.643668831981	16.9086313185135	123.626107733191	86.46167850422	"94"
"95"	-55.2165667793169	72.427018933406	118.500079285025	16.3624534277304	123.970084094354	85.1305668658379	"95"
"96"	-57.5360058635182	75.2869858094284	115.538797471573	16.2787493208845	121.376832590605	86.3071577941508	"96"
"97"	-62.1138565922818	74.8367864796876	112.838048408091	16.1983704358275	119.047420654689	82.7040782866279	"97"
"98"	-60.0348724556385	70.4413600945079	117.780117042272	16.4736978489465	123.968262594691	86.4036385015154	"98"
"99"	-57.6377313548885	73.8588116044707	117.34668208321	16.5574099174311	121.935828419889	85.0321779390917	"99"
"100"	-57.6649432940512	72.3088403786117	118.156344712238	16.3737487847811	118.626253578095	84.2574423157885	"100"
